greedy
orig-1
0.19
687.78

orig-2
0.30
4683.17

orig-3
1.16
12695.85

														평균
HC
orig-1
1.33		1.31		1.29		1.30		1.33		1.32				1.3133
618.48	633.40	628.96	595.46	618.60	618.39			618.83

update-1
1.31		1.30		1.27		1.30		1.27		1.28				1.2883
627.98	614.94	624.57	622.27	615.38	598.67			617.3016

orig-2
6.66		6.73		6.83		6.68		6.68		6.79				6.7283
4665.70	4655.45	4659.85	4647.21	4658.78	4663.62			4658.435

update-2
4.96		4.97		4.95		4.98		4.91		4.95				4.953
4647.96	4648.97	4639.14	4667.64	4626.43	4647.32			4646.243

orig-3
23.17	22.29	22.63	22.26	22.74	22.28			22.5616
12683.39	12672.84	12685.15	12677.71	12690.59	12677.20			12681.1466

update-3
16.89	16.82	16.73	16.85	17.07	16.89			16.875
12568.47	12568.30	12556.91	12553.81	12565.40	12524.26			12556.1916


SA
orig-1
2.59		2.53		2.54		2.66		2.56		2.52				2.5666
631.78	639.64	625.09	650.04	643.32	651.23			640.1833

update-1
2.40		2.48		2.49		2.49		2.49		2.60				2.4916
628.04	624.63	639.33	616.85	633.31	641.89			630.675

orig-2
13.71	13.18	13.25	13.18	13.71	13.74			13.4616
4630.82	4632.49	4656.36	4631.80	4639.52	4657.04			4641.3383

update-2
12.73	12.72	12.68	12.97	12.79	12.94			12.805
4640.29	4637.01	4639.94	4630.95	4631.25	4641.79			4636.8716

orig-3
45.05	44.17	42.32	43.06	41.81	42.61			43.17
12663.92	12677.90	12667.02	12687.01	12673.45	12667.68			12672.83

update-3

44.02	42.31	42.66	42.18	42.96	42.26			42.7316
12550.43	12515.92	12569.31	12541.12	12545.75	12567.01			12548.256

